-4.00000000e+01  1.20383862e+00 
-3.90000000e+01  1.20377767e+00 
-3.80000000e+01  1.20391503e+00 
-3.70000000e+01  1.20395274e+00 
-3.60000000e+01  1.20398855e+00 
-3.50000000e+01  1.20402283e+00 
-3.40000000e+01  1.20405585e+00 
-3.30000000e+01  1.20408761e+00 
-3.20000000e+01  1.20411812e+00 
-3.10000000e+01  1.20414740e+00 
-3.00000000e+01  1.20417545e+00 
-2.90000000e+01  1.20420227e+00 
-2.80000000e+01  1.20422788e+00 
-2.70000000e+01  1.20425229e+00 
-2.60000000e+01  1.20427551e+00 
-2.50000000e+01  1.20429754e+00 
-2.40000000e+01  1.20431839e+00 
-2.30000000e+01  1.20433807e+00 
-2.20000000e+01  1.20435659e+00 
-2.10000000e+01  1.20437397e+00 
-2.00000000e+01  1.20439020e+00 
-1.90000000e+01  1.20440530e+00 
-1.80000000e+01  1.20441928e+00 
-1.70000000e+01  1.20443215e+00 
-1.60000000e+01  1.20444392e+00 
-1.50000000e+01  1.20445459e+00 
-1.40000000e+01  1.20446418e+00 
-1.30000000e+01  1.20447269e+00 
-1.20000000e+01  1.20448014e+00 
-1.10000000e+01  1.20448653e+00 
-1.00000000e+01  1.20449189e+00 
-9.00000000e+00  1.20449620e+00 
-8.00000000e+00  1.20449950e+00 
-7.00000000e+00  1.20450178e+00 
-6.00000000e+00  1.20450305e+00 
-5.00000000e+00  1.20450334e+00 
-4.00000000e+00  1.20450264e+00 
-3.00000000e+00  1.20450097e+00 
-2.00000000e+00  1.20449834e+00 
-1.00000000e+00  1.20449476e+00 
 0.00000000e+00  1.20449025e+00 
 1.00000000e+00  1.20448481e+00 
 2.00000000e+00  1.20447845e+00 
 3.00000000e+00  1.20447118e+00 
 4.00000000e+00  1.20446303e+00 
 5.00000000e+00  1.20445399e+00 
 6.00000000e+00  1.20444409e+00 
 7.00000000e+00  1.20443333e+00 
 8.00000000e+00  1.20442172e+00 
 9.00000000e+00  1.20440929e+00 
 1.00000000e+01  1.20439603e+00 
 1.10000000e+01  1.20438196e+00 
 1.20000000e+01  1.20436711e+00 
 1.30000000e+01  1.20435146e+00 
 1.40000000e+01  1.20433506e+00 
 1.50000000e+01  1.20431789e+00 
 1.60000000e+01  1.20429999e+00 
 1.70000000e+01  1.20428135e+00 
 1.80000000e+01  1.20426201e+00 
 1.90000000e+01  1.20424196e+00 
 2.00000000e+01  1.20422122e+00 
 2.10000000e+01  1.20419982e+00 
 2.20000000e+01  1.20417775e+00 
 2.30000000e+01  1.20415505e+00 
 2.40000000e+01  1.20413172e+00 
 2.50000000e+01  1.20410777e+00 
 2.60000000e+01  1.20408323e+00 
 2.70000000e+01  1.20405810e+00 
 2.80000000e+01  1.20403241e+00 
 2.90000000e+01  1.20400617e+00 
 3.00000000e+01  1.20397939e+00 
 3.10000000e+01  1.20395210e+00 
 3.20000000e+01  1.20392431e+00 
 3.30000000e+01  1.20389603e+00 
 3.40000000e+01  1.20386728e+00 
 3.50000000e+01  1.20383809e+00 
 3.60000000e+01  1.20380846e+00 
 3.70000000e+01  1.20377842e+00 
 3.80000000e+01  1.20374799e+00 
 3.90000000e+01  1.20371717e+00 
 4.00000000e+01  1.20368600e+00 
 4.10000000e+01  1.20365449e+00 
 4.20000000e+01  1.20362265e+00 
 4.30000000e+01  1.20359052e+00 
 4.40000000e+01  1.20355810e+00 
 4.50000000e+01  1.20352542e+00 
 4.60000000e+01  1.20349250e+00 
 4.70000000e+01  1.20345936e+00 
 4.80000000e+01  1.20342602e+00 
 4.90000000e+01  1.20339250e+00 
 5.00000000e+01  1.20335882e+00 
 5.10000000e+01  1.20332501e+00 
 5.20000000e+01  1.20329109e+00 
 5.30000000e+01  1.20325708e+00 
 5.40000000e+01  1.20322300e+00 
 5.50000000e+01  1.20318887e+00 
 5.60000000e+01  1.20315473e+00 
 5.70000000e+01  1.20312059e+00 
 5.80000000e+01  1.20308648e+00 
 5.90000000e+01  1.20305242e+00 
 6.00000000e+01  1.20301844e+00 
 6.10000000e+01  1.20298456e+00 
 6.20000000e+01  1.20295082e+00 
 6.30000000e+01  1.20291723e+00 
 6.40000000e+01  1.20288382e+00 
 6.50000000e+01  1.20285063e+00 
 6.60000000e+01  1.20281767e+00 
 6.70000000e+01  1.20278498e+00 
 6.80000000e+01  1.20275258e+00 
 6.90000000e+01  1.20272050e+00 
 7.00000000e+01  1.20268878e+00 
 7.10000000e+01  1.20265745e+00 
 7.20000000e+01  1.20262652e+00 
 7.30000000e+01  1.20259605e+00 
 7.40000000e+01  1.20256604e+00 
 7.50000000e+01  1.20253655e+00 
 7.60000000e+01  1.20250759e+00 
 7.70000000e+01  1.20247921e+00 
 7.80000000e+01  1.20245144e+00 
 7.90000000e+01  1.20242431e+00 
 8.00000000e+01  1.20239785e+00 
 8.10000000e+01  1.20237211e+00 
 8.20000000e+01  1.20234711e+00 
 8.30000000e+01  1.20232289e+00 
 8.40000000e+01  1.20229950e+00 
 8.50000000e+01  1.20227696e+00 
 8.60000000e+01  1.20225533e+00 
 8.70000000e+01  1.20223462e+00 
 8.80000000e+01  1.20221490e+00 
 8.90000000e+01  1.20219619e+00 
 9.00000000e+01  1.20217853e+00 
 9.10000000e+01  1.20216198e+00 
 9.20000000e+01  1.20214657e+00 
 9.30000000e+01  1.20213234e+00 
 9.40000000e+01  1.20211934e+00 
 9.50000000e+01  1.20210762e+00 
 9.60000000e+01  1.20209721e+00 
 9.70000000e+01  1.20208817e+00 
 9.80000000e+01  1.20208055e+00 
 9.90000000e+01  1.20207439e+00 
 1.00000000e+02  1.20206974e+00 
 1.01000000e+02  1.20206665e+00 
 1.02000000e+02  1.20206517e+00 
 1.03000000e+02  1.20206536e+00 
 1.04000000e+02  1.20206726e+00 
 1.05000000e+02  1.20207094e+00 
 1.06000000e+02  1.20207645e+00 
 1.07000000e+02  1.20208384e+00 
 1.08000000e+02  1.20209318e+00 
 1.09000000e+02  1.20210451e+00 
 1.10000000e+02  1.20211790e+00 
 1.11000000e+02  1.20213342e+00 
 1.12000000e+02  1.20215112e+00 
 1.13000000e+02  1.20217108e+00 
 1.14000000e+02  1.20219334e+00 
 1.15000000e+02  1.20221799e+00 
 1.16000000e+02  1.20224509e+00 
 1.17000000e+02  1.20227471e+00 
 1.18000000e+02  1.20230692e+00 
 1.19000000e+02  1.20234180e+00 
 1.20000000e+02  1.20237943e+00 
 1.21000000e+02  1.20241987e+00 
 1.22000000e+02  1.20246322e+00 
 1.23000000e+02  1.20250954e+00 
 1.24000000e+02  1.20255894e+00 
 1.25000000e+02  1.20261148e+00 
