1.198608 2.560262e-06
1.211825 2.594842e-06
1.187384 2.596765e-06
1.230482 2.706117e-06
1.179043 2.473565e-06
1.213586 2.617508e-06
1.195831 2.586491e-06
1.183730 2.584219e-06
1.212184 2.632373e-06
1.144228 2.514236e-06
1.221746 2.650923e-06
1.181390 2.463565e-06
1.234167 2.626692e-06
1.193689 2.632204e-06
1.218242 2.645690e-06
1.161097 2.408144e-06
1.205861 2.655863e-06
1.225938 2.579779e-06
1.189608 2.546976e-06
1.188256 2.595333e-06
1.170145 2.443976e-06
1.209595 2.582217e-06
1.182194 2.554698e-06
1.205103 2.589787e-06
1.209595 2.576797e-06
1.220205 2.572187e-06
1.255359 2.756302e-06
1.181675 2.528861e-06
1.194504 2.529519e-06
1.181644 2.539191e-06
1.158464 2.401880e-06
1.192067 2.602168e-06
1.192415 2.563448e-06
1.225757 2.588276e-06
1.197570 2.602135e-06
1.216361 2.666502e-06
1.197621 2.600834e-06
1.197654 2.547246e-06
1.174262 2.504317e-06
1.173282 2.556605e-06
1.184672 2.513111e-06
1.197149 2.580927e-06
1.218103 2.661167e-06
1.157513 2.498827e-06
1.228889 2.589878e-06
1.169959 2.547035e-06
1.164700 2.482401e-06
1.189973 2.595330e-06
1.194020 2.587388e-06
1.217571 2.519534e-06
1.209153 2.607520e-06
1.173146 2.525277e-06
1.186311 2.587153e-06
1.162519 2.442443e-06
1.198227 2.613778e-06
1.213870 2.594298e-06
1.210768 2.612075e-06
1.195640 2.577075e-06
1.167202 2.463035e-06
1.234920 2.621596e-06
1.155496 2.449399e-06
1.213326 2.594105e-06
1.202118 2.519108e-06
1.217386 2.570762e-06
1.251864 2.731258e-06
1.219208 2.657040e-06
1.247697 2.601513e-06
1.207854 2.551365e-06
1.225355 2.660407e-06
1.199810 2.543453e-06
1.168201 2.573575e-06
1.184022 2.542975e-06
1.230952 2.637438e-06
1.197896 2.541248e-06
1.178249 2.551212e-06
1.159886 2.526434e-06
1.233656 2.656078e-06
1.169536 2.560385e-06
1.167191 2.476314e-06
1.204639 2.600080e-06
1.203507 2.581691e-06
1.206557 2.579480e-06
1.191845 2.585261e-06
1.184759 2.487287e-06
1.180236 2.495844e-06
1.179061 2.600730e-06
1.211935 2.592787e-06
1.164557 2.551490e-06
1.168685 2.550010e-06
1.210028 2.637225e-06
1.256931 2.631283e-06
1.184477 2.554952e-06
1.170740 2.422307e-06
1.177035 2.605404e-06
1.155862 2.423005e-06
1.169086 2.496229e-06
1.195844 2.555140e-06
1.219499 2.675916e-06
1.180183 2.605634e-06
1.246012 2.648457e-06
