1.217609
1.124223
1.159565
1.275817
1.272431
1.274976
1.190450
1.186572
1.220334
1.128936
1.153221
1.055657
1.237056
1.204742
1.137173
1.220873
1.164190
1.190225
1.237200
1.209094
1.119914
1.217670
1.171415
1.133709
1.204749
1.126772
1.222521
1.170198
1.220024
1.188386
1.259494
1.107720
1.239743
1.225091
1.165716
1.170650
1.206210
1.246300
1.151707
1.146189
1.142777
1.188611
1.191259
1.189845
1.268421
1.167277
1.141733
1.158021
1.147488
1.251991
1.264103
1.226569
1.148918
1.211596
1.215642
1.208846
1.205221
1.282962
1.169023
1.125883
1.174848
1.217028
1.204602
1.218476
1.229165
1.261285
1.217813
1.177456
1.261068
1.234627
1.204416
1.097691
1.220178
1.217830
1.221027
1.140986
1.135325
1.211500
1.259438
1.188420
1.177422
1.191872
1.175963
1.222150
1.274739
1.244224
1.180119
1.161134
1.169139
1.228180
1.132504
1.192309
1.244710
1.233646
1.199739
1.254784
1.175902
1.231912
1.237627
1.159937
