1.169953
1.164661
1.189990
1.194057
1.217564
1.209132
1.173138
1.186331
1.162490
1.198254
1.213876
1.210771
1.195639
1.167197
1.234934
1.155507
1.213324
1.202125
1.217394
1.251901
1.219241
1.175812
1.180974
1.201405
1.183194
1.187143
1.219845
1.196845
1.191517
1.187059
1.192394
1.172929
1.198138
1.166913
1.256171
1.198387
1.196557
1.170788
1.134290
1.170774
1.195283
1.215218
1.174150
1.222910
1.158909
1.177430
1.160868
1.140021
1.239658
1.215575
1.193300
1.166471
1.236383
1.183181
1.161572
1.224888
1.139693
1.214654
1.228627
1.200390
1.207737
1.229647
1.182303
1.184616
1.138090
1.140484
1.193561
1.181751
1.225267
1.189551
1.192932
1.131886
1.201052
1.190194
1.186001
1.173202
1.216299
1.198622
1.185715
1.223428
1.210940
1.204504
1.213301
1.161010
1.190863
1.213124
1.236769
1.142384
1.211679
1.188731
1.213730
1.195375
1.189794
1.151987
1.168950
1.208978
1.184425
1.190955
1.201572
1.167531
