1.205451 2.593621e-06
1.181697 2.570544e-06
1.122857 2.494311e-06
1.193367 2.667622e-06
1.144304 2.432692e-06
1.189110 2.484146e-06
1.158834 2.479711e-06
1.253529 2.612787e-06
1.198386 2.632398e-06
1.217200 2.560693e-06
1.187692 2.550441e-06
1.200990 2.631608e-06
1.227476 2.613083e-06
1.178259 2.551233e-06
1.159875 2.526410e-06
1.233678 2.656126e-06
1.169542 2.560397e-06
1.167171 2.476272e-06
1.204625 2.600049e-06
1.203487 2.581648e-06
1.206566 2.579501e-06
1.191838 2.585245e-06
1.184760 2.487290e-06
1.180226 2.495824e-06
1.179056 2.600719e-06
1.211937 2.592793e-06
1.164568 2.551515e-06
1.168663 2.549963e-06
1.210018 2.637203e-06
1.256930 2.631281e-06
1.184521 2.555047e-06
1.170708 2.422239e-06
1.177041 2.605418e-06
1.155832 2.422954e-06
1.169099 2.496257e-06
1.195867 2.555189e-06
1.219538 2.676000e-06
1.180208 2.605688e-06
1.246020 2.648474e-06
1.167998 2.525615e-06
1.249643 2.665677e-06
1.216203 2.534208e-06
1.192941 2.603739e-06
1.188631 2.551768e-06
1.207220 2.604869e-06
1.145678 2.507881e-06
1.226560 2.581278e-06
1.163147 2.515099e-06
1.196488 2.542370e-06
1.180534 2.516362e-06
1.185126 2.522942e-06
1.205248 2.638930e-06
1.183167 2.502495e-06
1.208351 2.586404e-06
1.225113 2.564070e-06
1.154122 2.499218e-06
1.207807 2.644348e-06
1.188501 2.543312e-06
1.172240 2.498660e-06
1.223857 2.680256e-06
1.212609 2.582745e-06
1.208625 2.587118e-06
1.188644 2.544952e-06
1.210549 2.582510e-06
1.170555 2.510815e-06
1.191443 2.533889e-06
1.180960 2.621081e-06
1.244136 2.711769e-06
1.224125 2.637322e-06
1.210768 2.624038e-06
1.204307 2.591522e-06
1.232974 2.599844e-06
1.209931 2.567827e-06
1.203236 2.581743e-06
1.266354 2.630268e-06
1.199863 2.573489e-06
1.199865 2.514510e-06
1.188447 2.553059e-06
1.170819 2.507061e-06
1.134666 2.441039e-06
1.171786 2.649432e-06
1.192489 2.434431e-06
1.195331 2.609431e-06
1.143842 2.543516e-06
1.157403 2.554514e-06
1.219449 2.699642e-06
1.146555 2.489004e-06
1.203135 2.605882e-06
1.172011 2.533760e-06
1.188232 2.621470e-06
1.183559 2.510822e-06
1.179079 2.597246e-06
1.167668 2.585166e-06
1.163226 2.434103e-06
1.167271 2.611149e-06
1.213197 2.619283e-06
1.253606 2.689695e-06
1.143608 2.504390e-06
1.181124 2.458283e-06
1.201571 2.572723e-06
